521382315700781076
224588823898619905
162502976521371648
242780754621366272
335208806944342028
463902004117372930
525396913294671953
389576827754250241
239770148305764352
528564781217611776
552150120691400714
368083908862017537
358481146171883520
487258918465306634
422837173671428097
486743617973649408
237236044599263232
580268737907654656
340008586639835138
403948474728579083
220663962616856576
338875655108427777
370382683936915456
584094609303404549
345777538162884620
628298193922424857
437048770237169666
182268850778144768
563288428788056064
359017688867012628
356108561232953344
365958975201738764
267062179918774273
339943808584384512
340008586639835138
178982637589889025
656291485850927115
524413155212787743
249600780712017920
613042749217701908
374886124126208000
688889174912401417
379323214087585814
456220387148169236